0.263
0.357
0.385
0.615
0.626
0.841
0.853
1.049
1.066
1.072
1.132
1.229
1.304
1.469
1.601
1.717
1.723
1.789
1.896
2.020
2.072
2.170
2.190
2.235
2.277
2.329
2.494
2.533
2.611
2.686
2.687
2.854
2.972
3.077
3.095
3.394
3.498
3.552
3.555
3.576
3.636
3.766
3.898
3.978
4.084
4.215
4.332
4.595
4.694
4.815
4.856
4.875
4.954
5.005
5.207
5.209
5.359
5.380
5.475
5.712
5.721
5.753
5.838
5.923
6.067
6.083
6.083
6.086
6.179
6.179
6.264
6.264
6.283
6.336
6.336
6.393
6.393
6.425
6.435
6.435
6.454
6.622
6.735
6.785
6.809
6.906
6.971
7.113
7.209
7.525
