0.285
0.390
0.396
0.659
0.700
0.898
0.937
1.066
1.123
1.135
1.299
1.371
1.372
1.684
1.714
1.776
1.892
1.931
2.120
2.203
2.254
2.266
2.330
2.602
2.631
2.744
2.765
2.804
2.850
2.857
2.981
3.323
3.369
3.520
3.609
3.636
3.711
3.881
3.950
4.087
4.107
4.202
4.293
4.466
4.483
4.599
4.766
4.994
5.055
5.186
5.307
5.307
5.509
5.582
5.625
5.751
5.791
5.931
5.948
6.083
6.083
6.094
6.111
6.176
6.179
6.179
6.264
6.264
6.336
6.336
6.353
6.354
6.393
6.393
6.435
6.435
6.495
6.631
6.964
7.105
7.113
7.254
7.338
7.562
7.739
8.030
8.264
8.342
8.354
8.437
