0.269
0.358
0.387
0.625
0.638
0.865
0.867
1.066
1.075
1.088
1.189
1.263
1.324
1.514
1.639
1.738
1.747
1.848
1.993
2.061
2.154
2.190
2.219
2.361
2.375
2.457
2.620
2.623
2.699
2.732
2.748
2.981
3.112
3.211
3.304
3.527
3.582
3.629
3.686
3.729
3.796
3.981
4.013
4.109
4.252
4.395
4.400
4.598
4.781
5.023
5.037
5.086
5.187
5.308
5.325
5.361
5.472
5.488
5.563
5.753
5.846
5.918
6.042
6.083
6.083
6.179
6.179
6.197
6.264
6.264
6.312
6.326
6.336
6.336
6.372
6.393
6.393
6.435
6.435
6.463
6.788
6.992
7.113
7.126
7.192
7.318
7.401
7.431
7.456
7.547
7.862
8.083
8.168
8.245
8.294
8.352
8.655
8.974
9.150
9.316
